1
100 100
-75	-10	-77	-86	-65	52	96	-61	-98	88	-79	10	-65	-37	-95	-75	-92	29	-13	65	40	66	-10	82	-96	-86	33	100	16	-80	-52	-26	-55	51	56	-75	-7	-65	26	-94	-89	31	1	-17	-95	3	-14	-37	40	-88	18	-23	98	45	-7	-58	59	-16	-8	80	-24	87	77	96	-3	-34	13	58	24	23	89	48	-41	29	-38	-39	26	-67	-33	-93	56	17	90	95	-2	-23	94	75	-95	3	48	61	68	-99	-14	-36	66	13	-91	-55
-46	33	-20	100	-90	-54	-41	90	18	-21	-58	-87	32	73	-75	23	-76	-99	-49	18	28	7	-46	94	76	-58	-9	-42	25	70	39	23	43	-78	-100	-36	36	-1	0	-99	84	73	78	-68	17	-4	-63	79	-86	95	-61	-78	-62	61	-48	-2	-63	74	-54	-85	40	-38	-59	-28	-29	-45	-45	-58	28	-54	71	-92	89	-61	89	-94	-74	-76	-68	47	77	-72	-2	99	-99	-39	-47	-25	-38	83	70	-58	92	62	-68	78	-99	57	-70	-99
-11	-47	-82	83	92	-54	-28	-60	79	35	4	-50	95	-3	-32	-10	81	96	-39	79	46	-77	37	48	35	-4	-64	-98	51	-28	-12	86	75	-65	21	29	73	-21	54	-35	88	7	71	-24	-15	62	-2	91	44	22	62	45	50	74	-20	-78	74	14	-50	25	53	8	92	46	97	1	-86	85	-18	86	61	70	-94	-87	-63	-88	67	91	-31	2	-62	-43	-75	-76	81	-2	74	48	-47	-27	-53	33	49	-59	69	24	22	-91	52	-20
55	-65	-53	-17	-31	-58	-70	-48	40	5	44	60	87	17	17	-70	-34	-14	-96	-90	-90	93	-31	-43	-3	-20	29	-30	-94	29	11	-79	27	-80	33	21	-44	65	-89	-12	-51	43	-62	-26	1	43	-6	5	-30	49	91	-52	-29	15	-20	80	-38	94	5	-45	19	-58	-94	13	42	92	-47	-35	85	32	-69	66	88	4	17	6	97	-85	1	-43	75	91	-44	-86	75	-75	62	-93	65	79	74	17	17	23	82	89	-71	-2	-45	-56
88	-69	-30	30	-65	81	-39	71	72	-82	73	-29	98	-86	-27	-73	76	-90	-95	-30	-33	34	93	-79	-87	-96	36	-76	-90	-50	-47	-52	-48	-71	-2	-49	41	81	93	-65	66	86	-41	10	-99	-66	53	-81	-80	-70	-8	-35	-64	-49	14	-6	25	-23	68	-40	16	-62	-31	-50	-66	-20	-46	-51	-21	-87	66	49	17	-83	-98	-31	90	-14	5	91	-38	-2	-43	-71	-12	67	-35	28	39	-11	2	-92	33	81	-86	83	-17	-77	-82	-27
95	-11	15	-34	-14	-53	49	93	-48	80	45	74	48	-39	100	71	52	81	-19	99	-99	40	-60	-25	57	17	-24	33	17	-83	-51	14	45	76	-59	26	-96	-26	92	-14	87	-44	62	6	33	6	-36	-39	-18	-98	25	87	45	-34	-88	-25	-83	93	-16	3	-32	-68	78	-20	23	97	-76	66	79	98	-82	-73	-25	-31	20	29	-55	-33	66	46	-53	68	96	66	12	49	-78	-69	-63	-77	22	-16	-54	48	-77	-42	-58	20	-54	-64
43	-86	-97	12	-61	88	-54	-15	-80	91	-60	21	-27	-30	52	-86	-48	9	52	-80	6	39	-25	-1	-75	-23	20	-5	-33	-18	3	29	-90	-14	62	-83	-74	37	-19	-57	-29	-46	93	-14	84	-25	-86	-83	-85	46	-15	65	72	-1	71	22	-18	-29	-38	73	-89	72	94	-54	26	-14	-23	40	-63	-22	-9	83	-88	62	97	11	6	-25	3	-99	-33	74	-39	26	19	87	-91	86	29	17	-63	71	64	-75	-2	72	-10	-49	-84	-42
47	-67	-69	-24	46	-46	44	56	-16	64	-88	-42	-31	17	-93	-31	19	-87	1	70	-66	20	-13	44	71	-8	-79	-1	14	-40	100	-64	-73	25	-51	-33	-75	-37	20	-98	-8	31	-33	-34	93	-37	60	54	-13	39	6	-28	-38	-65	83	84	32	45	51	62	-74	10	42	62	-71	-99	97	15	-67	-97	-94	-67	98	16	58	20	96	-56	85	-91	19	63	15	19	-34	6	-64	2	71	-73	-62	-47	78	34	-26	64	42	-3	85	30
60	60	85	-51	-11	24	-44	42	-29	57	-18	61	-54	-76	-48	-27	59	5	87	-35	-29	97	31	81	-45	-74	-72	-17	-40	95	-96	41	-72	-88	-14	-4	59	-56	-35	31	-42	16	-78	19	-74	49	23	-82	-83	-85	-13	35	75	-13	-41	88	72	-8	-93	61	72	88	-8	53	-87	82	-57	82	-98	-89	52	-31	-28	59	41	-77	-81	16	-30	43	92	57	32	58	49	-24	-100	14	83	47	-27	-38	-68	-22	-20	-18	64	98	1	-89
-65	37	40	60	-21	27	96	7	0	21	-100	-34	-93	49	-40	12	-12	94	-36	61	-82	77	80	48	25	-65	-41	-82	31	81	64	-53	16	-53	-57	73	96	-28	41	-84	-73	-73	-98	85	-7	-50	-10	-58	35	-77	-34	-39	37	49	17	-7	49	21	61	-86	-38	-34	-20	45	90	-38	69	-61	-66	-47	-96	41	9	-96	-31	51	-2	46	-95	-27	39	-87	83	-92	93	27	43	44	77	8	6	-13	1	38	58	-37	19	99	-70	68
-70	-22	-33	-32	-78	29	-55	71	-4	-61	80	43	49	-30	30	96	90	47	30	-1	-60	-56	-52	74	61	3	75	86	-47	-16	-5	35	-57	-97	76	18	100	14	-22	-85	67	64	-73	-98	66	-48	-77	-63	7	-74	11	-21	-41	64	-59	60	68	31	-36	-66	47	32	17	-30	87	-7	69	-34	16	97	-91	98	81	-83	-72	88	-48	-86	-33	-87	-20	-47	-40	48	-77	-72	-30	-85	70	-82	15	-46	82	66	44	34	7	-87	-89	-42
-100	7	22	34	73	32	-89	-13	-17	88	55	62	-100	-58	52	-90	-80	-22	-18	26	42	68	-25	4	-28	100	90	92	13	-64	87	74	62	-56	68	-43	-30	-51	20	-22	-23	59	-3	-18	97	-75	-6	-24	45	-22	25	-16	-12	-88	-99	-50	2	30	-29	48	-47	1	90	-37	-98	-73	-65	30	30	-37	83	-94	-31	-88	4	72	-12	63	85	-54	95	91	-35	-49	6	-89	-96	57	-24	-84	19	-96	-28	-7	57	9	89	-70	13	19
12	-79	18	50	-77	-19	-52	-68	-69	4	17	-45	-1	34	-19	8	-73	50	96	-40	68	-45	93	-51	56	-27	10	-43	-75	66	51	-5	-61	24	79	-31	93	36	-55	-34	-30	13	-39	-44	-61	-70	-62	13	52	3	0	-87	-32	-29	-47	52	-25	32	-87	1	-80	24	-43	-100	48	-89	50	-31	-99	26	74	86	66	-91	9	27	-36	81	-24	6	68	-91	41	-5	-21	-77	69	40	58	66	-68	68	59	21	-50	74	-44	-78	13	-24
-88	-37	83	-4	-66	-98	-57	45	72	-12	-24	9	73	87	7	-40	12	-89	28	5	30	-53	-57	7	-21	-25	91	-85	-26	-3	7	21	58	97	73	-1	75	-63	90	48	47	55	-42	-47	-63	21	66	47	-32	9	-37	47	11	35	-78	88	-16	-84	34	13	-90	-12	-18	8	-78	-89	32	62	6	0	6	-52	25	35	-64	69	-31	-86	45	-92	26	-14	54	17	-9	-25	-91	0	66	-28	39	-43	21	55	-70	37	55	47	-75	9
-15	40	4	-83	-30	94	-41	-44	5	-49	69	-84	11	17	-18	-20	67	-46	-97	-19	90	64	-61	65	60	87	-4	-51	-37	39	60	52	-41	28	-20	70	-61	-57	54	-48	55	-11	99	-30	8	12	95	43	66	82	37	81	-26	6	94	68	47	89	11	21	-48	11	-18	55	-93	-93	25	7	65	26	-16	75	13	36	-15	95	-27	19	-85	-27	-89	-55	26	-95	31	-53	60	0	3	-17	-13	46	22	18	15	20	-37	16	-20	95
69	-22	-81	-43	41	24	-29	12	-57	-80	1	5	28	18	-75	69	-20	71	-31	1	11	25	-23	61	11	-58	40	55	76	-6	27	22	46	87	39	-98	51	50	80	-48	54	85	28	-79	20	19	31	-34	30	-17	95	-29	2	46	96	-60	-85	86	-75	64	-80	79	64	-28	-85	58	20	-22	-9	-55	-21	65	0	-56	-61	64	-37	-12	-84	78	-17	-49	63	58	83	50	-67	99	-36	94	43	44	61	-70	11	51	44	-79	-83	22
-56	96	-67	29	3	9	60	-10	83	80	-24	-98	-53	36	-9	86	97	83	-22	74	95	81	-18	100	14	22	58	-15	-56	-62	-60	59	99	80	-96	-23	79	43	35	-14	-68	-27	46	72	1	79	-91	83	69	44	-28	84	-47	91	69	-98	-88	-40	-13	91	13	72	66	-10	-64	95	-63	20	-31	92	-86	-77	76	-30	14	35	5	-13	51	-95	12	-54	-65	-45	8	31	-70	-7	78	-15	-37	-24	19	81	25	23	2	36	-67	5
18	-77	82	-42	-97	-36	60	-56	-40	-44	89	77	-32	-21	-76	37	-83	-71	-55	74	5	-14	-7	-30	75	71	1	-3	-58	-44	-17	20	-27	-78	-69	-26	-4	-44	-89	-80	21	-42	-52	47	-60	49	46	0	82	61	-3	-62	63	-37	-81	-28	-91	47	-57	-30	-43	10	84	32	43	79	20	82	-15	-53	-64	-98	-7	80	45	-57	69	-47	-37	94	-39	-38	94	56	-55	-66	-5	-95	80	-48	-89	-69	66	82	-52	-80	-89	88	-17	-67
3	-97	-25	70	100	100	27	21	62	-28	-82	37	15	69	91	-24	-63	-20	-64	-19	-97	-19	83	62	95	68	-43	-84	83	1	3	-10	29	-69	-1	-34	-75	-36	39	-47	7	-14	-61	-47	37	-12	-46	-90	-94	85	89	75	-25	-89	-80	-41	62	-59	-41	-2	-57	10	-17	9	-67	23	-18	-6	-14	97	-94	55	30	27	-48	-35	-43	-19	-98	-40	-69	4	12	18	-61	81	-53	-36	-90	-64	43	84	14	-75	-43	-62	-9	-95	3	-34
-62	31	45	92	-16	-20	-48	16	77	-69	68	0	32	31	-30	-47	-42	-7	-67	-97	34	-39	-99	-94	-42	-95	40	-23	-64	-4	47	69	-73	-46	-57	-85	40	-6	-53	47	27	-32	8	47	22	62	39	-53	35	52	-98	-3	-58	-77	-62	-12	84	93	79	15	78	63	60	-72	100	-64	85	61	-48	44	-22	-77	-43	-92	32	-1	-51	-54	28	78	-53	40	-86	-62	-75	39	37	86	-27	-67	48	-85	-8	-63	-52	-28	13	-2	64	19
85	37	31	-15	-82	1	96	-74	54	57	42	-51	48	89	-33	-55	60	-89	-51	87	14	6	87	67	30	-96	84	-6	50	26	-48	38	63	85	24	-50	63	10	67	-57	18	-27	12	-65	12	-59	-75	41	-94	-74	73	-70	52	3	-20	-23	34	-89	89	-15	-22	-4	59	-55	-56	-93	86	52	10	10	-81	-80	65	34	-48	31	-11	8	29	-99	97	78	35	-99	-36	22	-47	55	7	36	89	-77	-13	4	-11	-89	45	26	89	-94
6	84	-97	-49	83	-86	51	-85	45	75	-56	-79	-53	41	-89	-72	71	44	-9	-3	-87	5	87	-36	-56	-78	-77	9	-78	95	95	-26	-50	71	-95	-59	51	-65	-72	-88	-80	-20	23	37	2	10	-69	-19	72	23	-47	-85	80	-78	80	97	78	-63	72	62	85	-87	24	-72	71	46	72	23	-25	-66	64	93	-4	-49	7	-100	14	-50	-32	-13	99	42	-16	46	29	-29	-94	-32	73	-67	-83	-21	-4	-1	95	-47	14	40	65	-36
84	-23	19	-47	66	-9	-15	-76	89	-5	-45	-86	75	94	-30	78	-56	-98	21	-41	-32	83	11	5	86	-13	-76	-21	-70	69	30	-22	-41	-48	-7	62	92	8	19	81	93	-96	15	3	44	38	26	-24	82	-10	1	79	-23	-30	-63	30	22	-58	76	17	-16	-28	-37	13	-20	-77	-23	-81	-66	-56	73	41	36	64	12	25	-86	50	-82	-30	65	-68	85	44	91	-73	-39	-12	22	3	-2	64	-10	-41	65	71	58	-8	-48	72
-48	-40	61	-74	59	55	-74	64	-91	90	-54	-93	-21	37	85	64	29	-30	-63	26	-2	19	-32	-69	69	-55	-80	73	-72	21	-36	-33	-59	56	89	-57	4	5	1	9	-92	65	38	59	-11	-22	77	7	63	-64	-68	47	11	53	-45	43	22	65	-62	91	30	73	81	23	-31	-81	-42	-65	93	36	65	4	-2	26	-21	83	-17	-1	19	57	86	-40	52	14	-44	-41	-75	62	44	47	68	-10	-25	-78	-64	33	-57	-78	-85	-54
95	9	24	-91	86	-3	57	84	-35	-1	-82	-64	-82	67	32	28	25	0	13	-29	-100	-92	95	86	22	-87	-48	-14	-71	-82	-93	-80	48	44	15	18	13	27	-2	-35	-78	97	23	66	4	-89	97	85	100	86	71	10	48	-62	70	79	-98	48	99	-82	-4	-18	39	-13	92	64	80	-33	50	-7	-20	-5	-64	-38	72	71	27	-56	-52	-58	-65	38	-64	52	-19	-39	34	-72	-94	-22	27	59	-1	-68	65	-44	17	34	42	-82
-61	-50	-78	-73	-27	-39	62	90	-1	19	31	80	19	-92	-54	-26	-23	-65	0	41	63	68	-81	-27	88	65	49	76	-40	-15	-80	21	68	50	-54	66	-37	-23	-24	-63	-93	-2	-57	38	-64	-3	61	27	-76	31	-36	85	-81	29	26	29	18	-41	35	88	-14	0	94	16	44	-77	-11	38	7	-63	90	-5	-28	20	-55	58	-85	39	80	22	61	0	79	69	87	1	-61	-55	-76	0	-52	43	-41	70	40	-82	-51	-76	32	40
-4	-59	-34	84	-97	6	26	17	-66	-89	52	-96	-55	-12	-15	92	63	6	83	33	-77	-71	87	46	-3	82	21	28	-36	-25	53	20	-62	-29	-77	86	-1	-39	-91	45	83	-59	27	-26	58	-80	-64	89	2	73	87	40	26	-32	56	-95	-55	-49	68	-97	-11	32	26	-63	-86	-29	70	94	67	-67	-53	99	18	36	-81	96	53	100	11	64	9	-94	-43	57	35	40	46	94	-40	79	-8	-45	62	-75	-98	-13	82	12	64	47
-33	-19	25	-40	96	-46	21	-80	-54	-21	-72	-36	-56	-15	-9	-37	87	-84	11	-90	-57	20	52	22	-77	90	11	-27	50	10	-42	63	-39	-4	-95	3	36	-5	-36	9	-19	24	-47	-52	-47	51	51	60	11	-37	18	-98	89	19	-87	-96	13	-37	77	1	-29	-53	85	-64	61	76	-21	52	73	76	-98	46	-97	94	-100	-78	-50	-75	-82	-56	80	-82	-78	-24	-39	-68	39	-79	74	89	10	31	96	76	80	20	39	-92	49	-7
14	-17	100	-59	-10	-37	-14	-77	37	-86	24	23	-49	-13	45	-96	15	80	85	-2	-37	32	27	65	43	-44	-52	3	-69	0	46	-38	38	60	-32	52	-11	99	-71	-99	83	-7	5	-66	0	-60	-9	43	79	7	-38	26	80	-40	60	58	97	-90	-98	2	22	94	5	80	-54	-21	2	-13	60	-11	-71	88	-11	-97	37	10	21	-19	95	-72	29	29	-29	47	-38	20	-30	32	84	82	-49	-10	4	62	-30	-59	19	-41	88	-58
35	77	25	14	93	37	83	37	-21	-48	76	-74	11	-76	-72	39	42	87	-22	21	86	28	96	-85	48	72	-57	-79	88	78	73	15	-87	33	-21	-70	-24	-78	55	65	-70	-95	31	-28	-94	-87	-47	40	-33	-92	92	-1	-87	-35	69	-46	-52	1	-67	17	18	-21	-40	13	-85	20	8	47	75	2	37	19	5	51	0	87	93	-57	66	-7	95	-12	21	39	10	88	40	1	89	66	-24	-43	-100	-31	83	-57	-99	86	72	-24
-10	-85	-72	51	-1	-15	-57	-70	5	-44	48	15	91	-70	17	43	-47	93	-64	-74	-15	38	-54	-14	41	-83	75	-33	-19	-41	63	-27	-51	-36	82	2	-1	45	-28	-15	-24	-58	-75	-14	2	99	-45	20	-96	-84	-42	-58	33	54	1	-19	50	36	92	-33	-75	-24	-34	-14	-62	-53	97	71	-54	55	91	47	50	-21	-2	95	-36	-45	98	9	-73	-86	6	48	-66	-5	-35	2	44	-47	87	-10	66	-63	-28	-63	-11	-12	20	4
92	20	22	-28	-73	21	-16	56	-28	33	39	36	-97	28	15	-30	-15	-83	-63	-64	-73	-60	0	-62	10	79	32	57	-80	93	-76	-19	1	78	-44	-71	-34	-14	-98	28	-37	-81	87	69	9	-74	-27	2	-6	98	-9	-5	25	47	44	-95	-21	-83	-94	53	2	-75	17	15	-82	-9	-36	-94	-56	70	-50	-29	-25	14	-60	-16	-26	87	70	54	45	69	69	79	7	100	-21	26	34	-97	-65	60	40	-69	-14	-69	-41	-84	-55	-5
53	13	39	-35	46	-66	-25	-92	-6	66	14	-45	-95	49	76	76	-30	67	22	63	0	-36	23	76	-83	74	-8	-2	62	47	-11	-27	47	-90	-87	-88	20	-64	-55	77	-48	53	79	-51	-46	70	-94	-2	-19	45	-7	-16	95	51	96	79	-26	42	17	16	-2	15	-28	-46	-25	-1	9	34	27	61	97	-31	-30	-92	89	42	-31	-75	-63	-32	22	90	79	-91	76	26	22	-37	4	-2	-58	-99	-36	69	-96	-98	93	-73	-84	-7
84	-1	-74	50	23	53	-34	9	83	7	38	54	-22	69	0	62	-60	-3	81	87	49	-85	-47	62	-33	52	22	12	-60	38	89	7	-6	-59	88	76	29	16	58	-46	-75	68	-83	79	31	48	-40	56	52	70	-46	-4	2	-82	-1	-35	-29	-32	32	52	20	56	17	78	70	-8	84	-56	97	-16	92	-13	-88	62	90	-73	-34	-85	83	-73	76	73	72	-93	-60	2	61	79	-21	-16	-10	9	90	20	-72	13	11	9	24	78
67	3	-57	-39	-89	-36	-17	-34	80	-26	88	54	51	-25	-34	-63	-91	-76	81	34	96	70	-79	4	-81	32	-31	-58	-38	38	58	88	-73	-72	-26	26	14	10	81	-68	-7	-57	-80	57	-64	-65	11	-32	0	87	55	-65	31	80	-15	-8	-21	-11	46	95	81	-80	-34	51	-11	12	-36	-44	10	47	-31	-79	97	-78	86	-44	-50	9	-14	41	68	30	-41	-34	9	61	49	-67	20	-2	39	-19	-48	-27	4	45	79	19	-78	8
-60	-17	55	83	-93	-83	44	11	12	-97	20	16	-41	-72	39	8	10	-20	-12	16	80	-92	8	12	-49	72	-26	-77	10	-79	-67	62	-39	-47	-58	-99	-11	71	-25	56	-85	2	83	-38	-22	24	-5	-6	31	-26	-86	18	-7	-36	68	-26	-4	-41	-74	-50	59	-47	-59	58	10	-33	-96	25	-38	-32	3	-51	34	-83	80	-84	92	90	-53	68	-80	89	-82	82	-75	36	-47	77	-38	-41	-97	-25	-46	-84	-34	75	-18	98	-66	84
-83	-45	-86	34	-41	-43	100	1	95	-43	-80	-72	22	100	-46	79	93	-9	-39	93	-47	93	92	68	-59	-15	-98	22	-23	-16	19	-66	48	71	-51	-48	68	-62	-45	-41	6	12	-49	4	-7	5	0	-58	76	18	7	-60	-4	96	-91	-44	83	59	-79	40	-92	40	-60	-95	-93	11	-82	2	-43	72	-51	55	14	44	-40	62	48	27	-100	28	73	11	6	-83	-10	-50	62	62	49	-58	3	-26	-79	-24	3	10	-90	41	-84	32
99	56	49	65	73	87	-43	4	-56	-71	34	-28	-77	63	80	30	-61	65	-74	94	43	78	25	83	-81	-89	-27	19	29	-64	-52	-22	79	21	78	-70	52	-37	9	-33	-64	33	-70	70	89	8	75	-36	75	47	-31	-84	68	-89	-30	30	-46	61	11	-9	44	-25	-10	69	-99	-21	60	33	-98	68	65	6	-63	-5	-83	-62	-29	-20	-69	-32	-27	-61	-18	-29	-9	39	20	-96	70	-12	75	17	-100	-58	77	-74	97	-80	-28	15
98	75	29	0	-6	-4	62	-16	-34	60	44	60	37	38	98	-7	68	-70	-14	7	16	-31	29	-26	-59	-23	17	-9	-56	-65	-70	13	-77	57	-31	-16	28	68	12	25	-11	-95	68	-29	68	2	-65	18	-9	2	54	-25	-19	7	47	32	57	32	-34	-4	50	-45	-97	-61	-17	94	-96	-55	36	-3	-83	-29	-31	-1	60	9	-66	-84	3	42	-100	56	75	73	-32	47	-61	2	25	-61	80	-66	98	-74	-85	-5	28	80	80	25
-91	-30	-55	-63	-21	38	57	-88	23	23	-97	3	24	-28	-24	44	64	-54	-69	91	29	56	-84	-49	-25	17	-39	-56	-2	48	-32	-99	-56	-85	34	70	-32	28	9	-87	-61	53	81	-21	14	30	15	78	-9	-36	-40	-73	-32	50	89	25	-63	-23	21	51	-77	-90	75	-34	-36	78	-46	-19	-72	-44	-2	-14	100	-69	48	-63	66	98	60	-10	89	47	21	-81	9	29	-32	32	-97	4	25	-65	-70	-69	-8	98	-15	29	-57	-79
-43	-17	33	-65	-48	74	53	-14	54	-47	-54	2	-25	-85	-34	55	-78	89	31	-26	69	55	88	-7	-40	-99	70	16	83	5	-47	-50	99	-72	47	-84	0	74	90	60	-20	-80	19	90	68	28	82	69	14	39	3	-45	45	-5	48	-75	-96	0	68	76	37	6	79	99	-86	41	-2	12	14	-72	96	-27	20	-35	-8	-32	2	11	-62	45	53	25	-12	22	39	-66	3	79	85	9	-68	13	11	34	-39	-17	5	-41	64	-52
56	87	2	73	-85	-46	-82	-85	-36	-24	99	-37	63	91	28	-15	62	46	-75	68	-36	-14	44	37	-55	-77	-21	48	84	81	35	57	58	16	-57	77	70	55	76	-85	46	51	-56	51	-91	-48	-26	-29	-6	-27	-46	70	-43	-22	28	-69	-53	40	-82	19	23	88	-89	-79	-50	-35	70	36	49	75	-1	-96	32	-58	3	36	7	-4	-52	8	-88	79	66	-8	-83	-96	31	97	1	-5	-20	46	-49	5	-25	-28	-99	54	7	-96
6	29	-50	-74	6	-56	27	-83	65	58	-47	37	79	-3	2	30	-75	80	-94	48	-28	68	-26	83	39	73	3	55	4	60	34	11	-18	-92	11	4	78	50	48	54	64	33	-72	-51	-25	-75	-91	2	-2	35	25	-70	83	69	31	58	10	-73	-1	-66	-71	-31	-32	-4	10	63	46	3	43	47	-73	-53	43	28	3	-88	4	87	-59	-86	-78	-84	-9	82	93	39	-32	40	41	-25	-39	46	58	-30	-91	-76	-6	-94	30	92
-46	-44	-37	-45	-20	-19	-21	-18	95	-61	-85	-20	47	-86	48	83	98	57	33	64	68	-20	-45	87	-65	70	42	-20	5	52	58	58	8	-16	46	27	21	82	-16	47	-96	-95	-30	78	65	50	-2	-65	-71	-97	22	-99	-30	51	-81	-7	22	-81	-89	-50	40	-92	-27	43	-13	86	18	16	18	-78	-2	-11	66	-98	73	-25	77	-84	54	-98	-77	-17	-80	4	44	-39	-87	37	-59	-33	45	-56	-62	-47	80	-8	79	-52	-13	-37
60	83	33	-87	45	62	-16	47	2	64	-70	61	-23	12	55	-72	32	-24	-11	-47	-46	51	-47	29	-77	30	49	-83	-5	-68	0	93	-48	92	40	-85	50	-16	-50	-5	51	93	19	98	-100	14	-59	-57	13	-17	76	48	-73	93	-48	27	39	87	-51	11	-35	-96	-64	-27	-98	5	6	-15	-40	-83	98	-57	-90	88	40	5	23	-16	-44	13	36	23	-77	-68	-70	-83	-57	92	-19	-57	-53	32	37	-14	-71	-31	-97	-79	-85	-31
50	-36	-3	81	35	99	3	-9	79	93	-98	82	-67	74	76	-96	72	-96	-1	27	-67	16	-75	-89	55	-55	-25	-76	32	-6	83	-56	-72	-11	29	97	-28	-49	13	-46	-22	-71	88	57	-64	29	43	-70	98	-97	-92	-75	83	6	-80	19	76	-39	-44	92	80	69	-81	90	-43	-62	41	70	-95	5	-27	47	40	-3	-5	100	-54	-30	61	28	-43	-28	1	97	-49	19	34	31	69	80	-50	-21	-33	25	-1	42	96	78	-4	43
28	-89	9	15	-33	4	-100	-80	-27	-14	-36	38	-44	-25	75	-23	94	53	3	-95	-38	-55	-88	-23	-73	69	58	72	85	-82	-11	92	15	3	-2	-80	-100	-35	-68	56	4	-87	-86	-100	60	-38	-46	15	-41	-8	78	-36	79	21	-4	63	-47	22	20	9	-25	92	94	-89	-60	51	-54	7	-18	-87	-97	85	-100	35	-57	-10	-24	82	36	-98	-73	35	16	-72	-77	-43	67	-61	-92	37	71	29	16	-9	-4	20	-96	-90	-50	66
-5	-57	-16	31	-55	35	-96	63	83	-61	-11	-22	84	-91	49	29	87	-11	3	6	100	29	71	1	-57	-30	87	-53	95	-54	-92	-68	-19	40	-40	10	0	58	36	-77	-100	-28	76	80	-80	49	-98	86	67	-29	40	-70	49	28	64	-63	39	-46	33	94	58	-45	9	35	-3	2	83	49	34	56	-62	-8	-28	68	77	33	78	5	-73	29	-45	54	50	24	81	33	-63	-86	-62	31	97	44	84	-61	-78	29	-27	-34	21	92
38	66	-94	73	35	98	64	-35	-86	-77	9	89	-12	41	-51	92	-35	96	-96	-4	-37	2	11	36	-54	54	36	70	-5	-98	-99	-23	31	-6	-34	-79	-58	97	-63	-90	98	37	-47	28	-75	-41	-48	76	-25	-21	83	-22	21	-45	-63	26	-15	59	-25	-77	95	-77	16	38	-35	-87	7	-87	-15	29	-51	45	13	-89	58	-78	60	10	-21	27	79	26	-65	-27	6	57	25	14	17	5	55	47	-97	77	-2	-76	80	-99	25	-7
50	77	52	-5	-32	71	89	-15	25	9	-19	53	71	82	72	-24	61	-9	93	42	-27	-82	-94	37	82	62	-67	-98	78	-30	15	53	50	90	-99	9	15	84	-50	-73	-5	-44	36	-32	-64	66	-84	48	-6	27	98	-33	3	35	-46	21	9	60	17	33	-32	78	54	-68	61	-15	54	67	-87	-99	-50	3	50	-70	96	86	38	8	-42	-47	38	-76	-50	86	-40	-50	-20	83	90	6	-7	-35	90	63	95	3	-53	99	67	-3
-64	-80	95	-81	-72	81	-79	83	-64	69	-13	-48	-49	-50	-5	82	62	-77	-82	22	100	-1	-1	-48	67	93	-45	3	99	-52	13	27	27	60	36	31	-94	44	29	-42	62	-6	59	-76	-99	-66	90	-10	-52	-84	-99	23	60	-90	-19	-25	23	48	-51	50	21	23	-70	-70	-59	-93	-47	-30	-88	77	79	50	86	51	31	88	75	51	91	-21	37	-93	-25	-13	61	27	17	31	-69	95	93	-39	-67	-43	-96	-35	80	97	-55	-85
-12	73	-49	-38	7	78	-91	58	-86	49	-82	-96	-78	-7	-8	79	26	8	-2	24	-32	-87	-7	34	33	75	-89	24	36	87	98	-76	-51	82	72	56	-77	93	-79	0	-58	-98	26	-37	35	22	50	-9	51	12	-91	72	-91	37	11	72	47	-96	30	77	63	54	91	-29	-67	-100	79	-45	-13	4	40	-12	-40	7	28	59	67	88	65	51	-17	27	75	-19	32	6	-100	-50	-13	8	75	79	-13	26	-91	45	44	-59	52	-9
69	62	-33	78	0	-73	-50	46	100	-54	-47	91	-91	-6	-90	-23	-73	-45	65	-53	38	-40	30	61	-49	76	39	-18	60	-32	-47	-73	-12	38	-94	29	5	3	81	-32	-86	56	-18	37	-16	7	-87	-9	-92	-17	-55	-27	-8	99	-94	36	29	-57	-81	30	42	50	-99	89	-80	-25	-39	33	31	-61	-19	19	-65	2	70	-54	-67	-23	-82	76	-60	82	23	6	-53	77	-48	-76	44	-36	-83	94	95	-96	97	60	5	69	-14	100
-4	100	-53	43	31	-16	99	29	-57	42	-75	-4	-73	-61	66	6	67	52	-54	99	-75	-86	-41	-83	-19	-30	34	-40	-72	-89	-100	36	-98	0	97	38	-30	-97	-93	12	-42	15	26	-70	61	0	-15	76	57	4	-49	-48	9	-69	95	17	-20	44	-59	4	35	15	34	-34	50	30	67	74	-10	9	-61	74	-50	93	-98	65	9	24	61	-80	-48	23	-7	62	74	-99	90	54	-66	39	8	-5	6	28	-35	83	-73	-31	20	16
0	-24	-5	68	45	-24	-1	-87	-71	54	-79	-94	73	-9	96	-28	33	-10	-25	0	0	-64	-47	-94	-86	-53	-1	73	-70	-36	-84	47	31	-70	-22	-11	-26	71	70	82	-53	-58	-81	12	-22	-88	-83	-64	-20	80	-59	91	64	20	-97	8	-7	58	-56	-18	-76	-62	-5	-9	-82	-48	66	-65	-52	-45	69	-69	-49	-12	27	-3	-6	17	46	92	-83	-51	23	-28	63	-9	77	66	27	-20	-98	97	80	33	-45	-95	42	-61	44	-89
-97	-97	63	-52	23	56	33	15	96	14	-2	44	-87	-9	38	-30	51	-85	68	16	-32	-22	-7	81	-7	-35	17	-88	-42	-9	-62	-10	29	12	-56	28	46	48	76	46	3	-18	-58	-97	33	25	22	-32	-5	-10	-31	-33	74	-13	-47	18	37	68	6	27	-3	-9	89	-34	-21	-90	-52	-1	29	25	-42	-12	-49	63	87	54	24	40	-46	36	-49	-4	63	-85	21	21	-86	0	-98	-16	58	54	84	77	-28	-60	64	-5	67	-33
-21	67	91	-25	19	38	-54	-12	30	12	-76	-70	59	-23	-32	-53	-32	-5	75	-56	85	-59	-51	-19	-11	74	52	57	-99	-64	-38	-72	90	-4	82	-95	-92	-58	87	-82	86	88	21	2	64	-40	-26	55	61	72	-16	32	-73	95	-57	-81	-78	-77	47	1	87	-51	21	-49	-17	-47	53	-31	-63	-34	1	78	-35	-43	99	-87	72	-64	-21	46	78	36	-41	-25	58	-95	-81	-19	-50	12	24	-21	32	25	-67	10	0	-19	71	99
-38	-78	71	63	38	8	17	86	72	-57	-58	21	-37	-87	-72	43	51	52	-76	39	-100	52	-25	19	45	20	-64	-7	15	36	-15	-40	2	-44	96	-11	-58	-3	32	-95	76	18	71	54	-75	-16	-100	73	62	-97	-52	-31	-71	8	-26	-17	93	-45	-35	-35	-56	-4	-34	97	62	-87	-64	-34	-35	60	-99	82	29	42	-92	-76	-25	-86	-50	0	-44	-26	-20	80	49	-34	81	17	-9	18	-87	-85	29	82	44	-45	28	31	-12	76
5	-46	67	-77	92	-1	-57	45	-20	-2	-59	17	26	35	-96	-11	-1	-79	35	-73	-52	-64	-26	29	38	93	69	24	-77	-21	41	70	-50	100	27	-76	87	79	91	38	-90	10	73	46	12	79	-21	79	-20	2	-91	-65	87	49	5	-92	-83	41	-71	59	5	18	-8	-16	13	-70	54	-6	-11	-7	79	-33	2	-27	-61	-20	63	38	-59	48	11	-68	37	-31	-91	75	-32	69	70	-71	57	-100	37	79	59	44	-80	24	11	-43
25	55	82	27	9	44	-41	59	-71	-54	-1	-66	-86	-34	-88	-76	-45	-18	61	-27	-89	60	72	4	-39	-93	80	14	-54	-93	24	32	14	4	1	20	1	6	-16	-89	19	-49	74	-7	42	-16	2	-22	-38	39	-76	24	-89	46	69	46	59	24	29	77	26	-91	2	-82	-95	43	-19	54	100	-96	11	84	-9	77	-85	27	-30	-78	-64	-1	-87	-89	-41	36	-22	-8	76	-86	79	91	39	35	-69	-46	-57	45	15	78	68	91
-41	-80	-28	-87	62	-23	37	100	-36	37	-17	-76	15	25	4	-62	-46	14	-70	68	-40	70	65	-91	3	24	16	37	-83	-14	-43	85	-93	-76	-14	-50	9	-59	99	84	88	-11	73	-67	-54	-1	9	77	-22	41	52	-65	81	-88	3	20	-28	-30	62	74	-3	-25	1	-75	-42	-90	-64	73	-12	99	-60	70	29	62	-91	-44	91	-21	74	-54	-57	-68	-21	-49	91	-87	-31	10	-9	15	-74	-70	96	70	30	75	55	84	-38	51
71	41	-44	41	-97	56	84	-92	-5	-58	0	-47	60	27	92	-17	-52	82	99	80	5	41	-94	-57	-50	-45	27	-32	34	-26	-78	48	30	-77	71	-76	-13	39	-67	8	40	-53	83	78	90	78	33	92	66	-94	-31	-92	42	-78	-45	87	-30	-75	-20	52	37	-21	75	-52	53	-88	-29	18	47	-99	-7	27	25	78	75	-76	66	11	28	49	85	-77	30	-36	-61	-100	-77	-46	-40	47	3	64	43	-58	39	-85	37	-93	-9	62
29	82	45	-98	83	-76	-75	94	83	62	-47	90	42	-4	-31	-27	-84	67	87	-67	-88	-55	41	-11	85	78	67	59	41	-14	15	36	49	-33	-91	26	31	75	-7	6	10	52	68	-42	92	-53	67	89	77	-75	41	73	52	-47	93	-25	3	8	-19	4	-63	64	-50	-100	36	41	-94	3	78	-38	30	29	-70	33	8	52	-81	-56	-14	74	38	-67	-48	11	44	42	10	-31	-100	45	84	10	-96	-67	81	-96	-12	88	37	-8
-23	94	38	-34	-32	76	0	-49	90	-78	-54	-96	-24	75	-81	15	-83	-84	-20	-40	-29	-83	64	-53	-31	-71	-88	49	82	-65	-70	86	82	-49	21	-47	94	78	60	8	-62	-89	90	-87	28	34	83	-22	-45	50	87	-4	59	96	11	33	-20	-15	-68	44	79	91	92	81	30	9	-74	74	25	71	-23	-41	69	-19	27	5	89	-80	-73	-74	72	29	-97	-4	-73	-95	-37	-46	24	81	-75	48	11	-15	-42	-65	89	74	-22	-53
-92	0	-19	27	97	-50	-96	97	58	-30	-49	40	29	87	-35	-76	17	-76	-91	40	4	61	100	-11	-28	-52	80	-72	52	-77	-73	-5	-57	-86	-85	-42	-23	28	63	-65	-50	22	59	-32	-10	59	22	-53	-74	17	73	-40	16	2	-79	28	48	48	-92	-32	-3	80	7	43	-66	90	-18	54	-22	95	-32	-76	-86	-24	-36	27	-28	15	-92	26	7	-28	-51	-74	-17	74	50	53	-5	4	2	-91	-2	-2	-79	-26	94	19	-76	10
-22	37	-51	65	74	-91	11	8	-46	-99	-16	-36	60	38	49	35	60	-99	-59	-61	-9	-88	-35	-53	-46	83	-77	-61	-40	33	-82	39	-57	-6	16	-44	80	6	-41	40	-9	41	56	-97	65	-68	-67	-96	-14	53	-14	-65	47	-80	61	96	28	-29	98	-73	-68	-24	-62	55	78	93	0	96	36	-82	20	83	-16	-60	-26	-68	-17	-2	64	-33	-66	83	-11	-36	7	-48	-35	73	30	-11	57	-26	-49	-41	-51	-37	98	-76	-3	-33
-77	-8	24	26	59	-72	71	-21	-52	90	-33	39	88	24	29	93	20	53	-96	11	7	-91	52	-49	-80	19	-85	-18	20	22	55	69	90	-42	-29	8	7	11	84	33	94	-14	90	-60	81	100	15	55	-89	17	-16	-47	-14	56	63	0	-55	-23	-84	-29	-28	77	-24	54	34	-28	-28	3	-90	-56	-74	51	94	95	82	39	-2	-3	71	54	35	-14	-73	77	-76	36	75	59	-70	-65	-28	-69	94	68	12	-72	58	82	83	-24
-84	-81	38	68	-72	49	-91	19	38	52	-19	-52	88	73	33	6	-14	-61	4	-21	3	-20	62	35	-43	-79	77	31	-71	44	-81	59	40	-11	-63	-67	95	75	49	70	72	21	-79	63	-98	-57	-49	17	-56	-62	29	92	-75	-4	77	-73	58	47	42	63	-7	88	36	-93	-4	-53	-24	48	-28	23	2	74	-74	18	72	-82	43	37	56	12	-82	-31	27	-24	-98	-59	64	-63	40	48	-26	-58	-29	50	-29	16	0	-46	28	12
86	63	58	-96	-72	43	-79	88	95	12	-91	-90	80	-99	61	-70	36	30	89	-11	24	74	64	28	-69	32	-56	25	-73	68	45	72	-42	81	-13	-69	30	-56	-2	-21	97	-99	3	-87	94	-52	-81	92	62	83	-59	3	-93	-18	3	14	-48	-56	42	83	-36	-35	-83	19	-21	-89	-56	-78	-23	65	88	-99	-9	41	32	-81	-42	-14	-25	2	-96	-18	-65	-65	96	-29	97	16	83	87	-38	-21	-2	-3	-62	60	35	4	-83	97
-23	-83	-71	-64	89	29	-80	-88	36	41	-92	-11	23	17	12	-26	23	62	-83	85	87	-75	80	-15	0	-70	-13	-19	-81	-13	28	-42	-34	-54	14	53	31	43	82	-67	45	-59	89	99	24	57	-67	-11	-39	-39	95	5	69	89	49	-41	14	37	-18	-70	42	-98	-89	18	-89	-80	78	16	62	96	-68	64	45	37	-73	-18	-11	-15	3	-81	29	80	6	26	68	-23	-84	-88	-83	-82	-15	-27	73	-24	-82	60	65	-27	-75	92
-40	-79	-92	-40	-81	-57	-97	-75	-13	0	-15	-12	79	15	-59	-40	95	23	87	47	32	22	-72	28	42	-70	-81	21	-24	-9	-93	-12	-77	-54	-3	-74	-29	-71	-75	11	56	-4	-57	31	38	-80	-90	55	26	-44	-26	-47	-59	60	-87	99	-49	-89	-19	-34	98	-14	42	-25	89	-38	96	35	-55	8	-85	10	-79	42	55	100	-21	10	31	70	-70	27	-43	72	91	-57	-85	18	96	5	12	29	-56	-26	98	-12	35	14	-76	37
75	-98	-69	21	-77	-36	78	-100	65	92	70	75	-98	-72	41	17	-88	-23	-26	-71	-89	49	-2	20	-62	-51	-6	52	99	-94	6	1	22	92	-69	53	-86	4	79	-84	7	-99	-30	81	-15	-34	11	-63	79	34	62	49	-79	-3	44	33	29	-20	9	-74	80	62	-11	-27	-17	67	52	-11	61	-22	-69	-4	-80	-15	24	-17	44	-86	-78	-48	98	-49	62	-35	27	-11	-17	-43	-75	-48	89	-5	-74	89	10	-56	77	-29	-65	-61
74	41	17	85	-81	100	75	-78	-48	-96	-29	-7	-35	76	85	-13	-9	-10	-60	68	60	-29	-55	-3	20	-60	-97	-20	41	85	3	8	-89	80	51	36	69	-32	-75	-4	77	80	-1	-49	67	18	97	55	-73	82	56	0	33	-53	-11	-89	63	78	-1	27	78	95	42	52	-82	100	-13	47	23	2	40	68	-4	-9	3	4	-69	-98	65	-35	-76	30	-25	-38	-11	-79	42	-82	-9	-60	36	-52	44	57	75	-61	-31	6	12	-80
25	54	-87	54	-1	96	96	2	-37	-29	-85	8	-95	62	-77	17	-45	37	86	-29	-67	-25	80	80	-32	-89	-50	-39	-71	-58	-5	67	-37	85	-22	43	7	-17	-62	6	7	-57	31	21	-81	-15	-8	-98	80	18	-51	-20	51	87	-63	-60	95	82	-80	-76	37	7	57	-64	27	65	70	97	89	54	1	-15	80	-7	63	-3	57	-63	-47	38	-21	-85	46	62	-7	-83	-38	-20	-10	84	-66	48	75	-65	57	-85	-93	-73	-87	25
50	-89	-29	43	-45	-14	-42	33	-56	95	-21	91	-86	-5	4	-63	-86	-62	32	5	18	-15	-22	93	-19	76	49	-90	-24	23	47	-37	36	57	35	35	-1	-2	-63	93	89	19	20	-24	27	82	39	99	24	35	-41	-19	64	72	9	-3	38	-82	46	87	-1	-40	23	15	9	52	19	69	-83	19	40	54	61	9	96	-50	-63	-71	30	34	20	-32	-92	19	98	-56	-23	-15	60	-14	26	67	77	96	-11	-17	-84	12	95	74
-76	-90	48	-20	-41	-64	-27	-83	-55	-58	1	85	70	72	97	67	-85	-16	-85	29	-87	-36	29	94	78	-33	-24	-65	4	85	76	78	-42	-38	35	-80	-64	-82	-51	2	73	-33	-48	29	-61	-68	54	94	23	26	30	-5	60	64	-30	98	-91	-91	-12	64	-93	-15	-75	-60	47	32	38	-21	-34	56	74	-11	90	-27	50	90	68	25	77	-8	37	-78	-23	-2	-2	95	-32	12	21	94	-52	-14	-58	-44	-100	-97	12	94	-42	82
-68	-22	49	11	73	72	3	-62	-69	-79	53	-15	-64	46	-16	76	-86	57	44	-49	-13	-41	-35	3	-54	5	-85	-99	-75	28	92	-84	79	-25	34	21	-89	74	53	18	-55	8	29	48	-5	6	78	75	-86	-70	-24	-98	36	-89	41	-35	-64	-10	-95	20	58	24	2	-12	36	5	-40	-44	31	-94	-72	18	39	-65	91	23	-56	-54	-46	-65	-18	-61	32	-2	78	-48	53	25	70	66	-14	-91	28	-73	3	48	4	-75	-10	57
-10	-4	62	40	4	13	1	-36	-26	-17	-75	10	57	72	-58	-69	66	-79	97	59	-40	25	-44	24	28	-62	-3	-50	-15	13	-76	-24	-1	-6	-34	-23	69	13	10	53	64	8	-29	35	44	7	-51	-30	20	-6	-81	-88	-68	95	15	-13	64	-89	-80	-91	-7	51	-77	-51	-78	32	-82	5	-68	-60	-68	96	67	-78	-92	15	1	61	84	70	68	-66	-75	56	76	-60	7	-60	-78	39	-61	23	23	-20	-28	-92	-65	-93	-27	37
-27	-59	-50	29	8	-92	25	-4	-44	67	4	-89	34	-49	89	6	64	66	93	16	94	-71	-77	-73	-35	79	-28	-34	88	-61	-48	74	-74	3	87	-97	49	-75	-9	-11	-22	-57	-93	-37	46	54	31	-31	-75	-23	15	19	-15	18	13	-15	44	73	65	-81	-17	-10	-23	17	81	-23	84	-86	-100	34	32	19	-17	-84	-48	-50	24	-63	82	-74	-20	0	66	-79	-55	-84	-8	-26	71	-23	-17	-61	-54	50	-43	-78	8	54	-37	-5
9	3	-50	86	-31	56	-5	-94	-99	-84	-56	-16	-99	-28	-17	62	21	-89	-83	89	51	-75	59	15	-95	-67	68	-6	21	-47	-38	-59	95	-15	-30	-10	-75	53	-18	25	-62	65	-32	-100	-74	-9	-99	74	24	-85	-89	89	41	-19	26	0	-80	-56	-20	-77	-81	-41	77	-95	-7	-2	68	-29	-44	-22	-8	44	-45	-30	72	-86	-5	48	-92	-78	-5	32	-83	93	77	30	55	-7	-57	-19	-29	63	-69	-94	59	-15	-22	-61	3	-16
-70	77	18	47	-38	-81	61	-87	-43	54	-31	-42	-30	-20	-91	-98	-89	62	36	52	42	-20	70	79	-49	-42	6	-100	13	9	80	-62	58	89	-68	-22	-6	25	-76	-37	96	-29	-41	-36	-9	-87	-89	18	-90	-95	33	64	-9	-7	-25	-55	-83	33	-7	-84	-79	73	18	-82	-29	-70	33	48	98	-52	-4	95	37	29	45	61	30	99	-80	-84	-68	-8	92	26	6	-58	68	0	45	-36	3	-59	59	37	-5	-94	-1	99	-85	48
92	-95	92	-15	91	-46	47	27	37	73	-73	94	66	-94	-45	5	67	-76	95	-100	-71	-15	12	85	-21	-85	11	-38	1	-13	55	81	-42	78	14	-95	-13	-44	21	14	-8	-25	-58	17	-30	-32	-78	-41	-91	-30	-31	45	-90	-13	62	15	-22	20	99	18	87	-83	62	-61	23	-42	45	31	62	-33	-29	-50	-18	61	8	-99	12	42	44	69	7	59	-18	8	-22	63	-27	-45	-36	86	83	-76	-91	-32	92	-18	84	77	62	-48
79	92	-42	-24	16	94	-44	10	48	-55	-39	-70	60	-21	57	46	29	-95	54	58	54	44	49	-61	-34	10	-78	-83	74	-24	90	-25	79	18	37	-15	-80	20	96	56	-22	-88	-60	15	12	-27	-93	-37	64	55	-63	-20	-58	-99	76	-86	-77	47	-45	18	3	49	11	4	-54	80	21	50	-97	9	71	9	-55	65	62	24	68	-86	37	42	100	-45	-17	-42	100	71	-86	54	74	7	53	-14	64	8	-87	10	64	50	2	78
-79	-61	69	-25	-84	-56	-83	78	20	-40	-87	79	64	-3	-74	-83	-26	-46	-33	46	10	8	-18	-51	-58	-51	22	-96	98	63	20	47	-76	48	-73	-96	-30	-84	36	69	-49	46	-48	100	-84	-2	64	-71	67	-52	46	69	-3	15	-89	85	34	-6	28	-80	-67	29	67	8	-72	82	40	-66	7	7	-3	-50	-16	-19	16	18	52	-78	20	-100	39	-26	-53	-40	32	-14	-89	-53	-69	44	-45	82	-17	-100	93	-58	62	-50	-84	-14
69	33	79	83	10	-56	6	-9	-33	88	46	-25	6	-44	46	-48	-12	92	68	47	-10	-51	-41	60	68	60	1	-83	-41	-26	29	-37	-3	-82	57	62	-27	-40	61	-63	51	10	-45	-87	7	32	-100	89	-18	96	-80	71	-44	-5	-37	67	-13	-59	13	18	-30	-32	-72	70	80	-76	-11	21	-74	21	86	-74	-79	-83	65	34	-56	-63	95	-1	58	25	42	87	-19	30	-20	-24	-96	-38	33	-89	63	24	-27	-45	98	87	-94	-13
-68	-28	60	30	51	73	-21	-55	72	-40	37	10	48	33	-94	-91	89	-50	29	-64	-46	31	-11	10	-53	82	59	-30	1	56	-8	-24	-14	-95	-86	-44	79	-10	-75	60	78	-96	59	-23	64	86	51	-99	-1	56	-19	-47	-54	35	-86	-46	27	68	-24	4	13	3	-25	12	65	16	-57	-11	-70	-47	63	-59	27	-52	39	49	58	-52	48	4	75	98	83	94	51	-63	-8	-80	0	35	-16	72	-69	-15	-2	-15	-66	50	-73	65
84	32	39	22	96	38	-67	-78	7	100	-32	-9	76	51	78	-32	99	74	-97	13	25	-81	49	22	61	-66	70	-41	-99	-6	71	66	43	73	37	94	45	22	-74	99	-67	11	-3	-15	-3	-34	41	25	9	68	-83	-23	67	73	-78	48	-40	39	35	-32	61	-33	-32	-52	89	-11	72	-63	-13	58	41	-98	23	-59	-56	41	98	55	29	-76	95	-52	-79	-7	-49	-94	-41	24	-25	-80	-73	25	61	-85	-18	72	15	83	92	-74
14	48	38	27	-33	-43	6	-73	-65	-6	27	-90	-44	53	93	1	88	-88	42	-5	39	-82	87	-29	-28	-59	59	27	-20	14	73	-32	29	94	42	-51	-58	-67	46	6	17	31	33	79	-48	52	31	100	99	-77	-27	29	10	53	82	12	2	67	63	53	98	-15	-78	93	45	94	-85	22	49	7	-95	81	-30	-7	-19	-86	28	47	-16	-88	-65	21	15	33	92	47	-81	-4	-77	93	2	-6	-22	20	93	85	-8	-34	87	-12
79	49	-91	72	-60	88	-16	-33	37	29	-90	11	3	-24	-77	-8	-85	63	71	69	0	94	2	92	-86	-51	-65	87	-49	31	-64	77	49	-56	23	3	-34	-61	41	53	-76	79	-20	74	-64	-2	-91	-17	-51	-1	-19	64	34	-56	-31	-83	-28	85	10	-56	-56	7	61	-17	96	-80	10	43	-35	83	7	35	75	73	99	-55	-9	38	-16	87	-51	0	-100	83	30	-95	-94	97	-57	74	-53	-1	8	49	72	20	10	54	-77	-48
87	99	-59	-11	-77	90	-28	44	82	33	-83	-18	13	-3	-80	94	41	49	23	23	-81	86	-96	65	52	-7	-24	-35	92	-58	81	-93	63	8	-81	-38	-71	-56	14	-27	55	39	1	-59	8	-97	61	-99	-37	84	99	-69	-70	19	53	-89	44	36	-37	-85	-67	53	17	58	94	-76	-67	67	-91	-57	18	-27	-30	-86	95	-53	94	-15	-45	-97	86	44	43	-15	-49	64	52	77	-2	100	49	76	-45	-44	-32	10	69	12	35	-98
-39	-55	77	38	85	27	55	-96	-3	-91	51	-12	52	65	-11	88	39	54	-35	95	-31	-67	6	-20	-17	29	-49	94	-87	39	-99	-93	-10	4	24	86	-84	23	-94	-3	7	-48	74	69	55	31	76	-20	63	-49	87	-96	78	-54	-14	-37	-82	64	42	94	54	88	7	34	48	-18	-93	-99	86	-59	22	14	-4	-56	-67	-98	-14	78	88	44	-23	-13	14	-59	88	4	46	51	-20	-13	20	-67	65	-78	-99	15	-63	81	-53	-68
-28	-74	-42	47	17	4	-86	-31	96	69	-10	-28	62	3	-86	-84	-65	-31	55	63	93	75	-23	-59	-67	-34	-87	-75	20	-92	-2	-80	-83	54	50	84	46	-47	-72	-34	-81	-11	59	-34	-42	-27	-58	83	-20	-37	21	-22	60	-36	-51	67	-55	81	-4	100	2	10	-2	70	-5	-41	-32	-86	93	94	-27	-10	-57	-7	-11	14	93	-29	14	7	-97	71	34	-13	-72	15	57	83	-38	-50	42	-71	52	-16	14	-70	84	-68	85	52
-79	87	68	-87	16	97	-2	-55	100	72	-72	37	97	-32	-23	24	-80	-15	79	55	5	100	-85	84	-1	-74	92	93	8	-69	38	-28	65	30	91	-64	-98	-91	-52	43	-7	20	44	-66	-62	77	97	-68	12	95	-54	-69	88	92	38	-36	72	71	48	-6	85	40	-98	62	-14	-37	27	27	-80	82	50	89	29	39	26	89	48	29	-83	-89	68	-85	18	33	-41	29	36	65	90	-27	11	45	18	-86	89	-69	50	69	7	-23
-46	-34	-35	-89	-4	21	88	-9	-6	-41	-96	-57	77	61	-100	85	11	-60	-19	28	98	-61	47	81	28	-32	-73	55	71	49	-100	61	31	-12	-4	7	28	63	-49	94	-7	-87	-3	-25	50	66	26	-20	81	-77	-17	-14	-74	60	-98	-100	-85	-2	45	-22	82	100	-65	-73	7	58	-4	-77	-7	94	-36	5	-37	12	-50	40	-19	-6	33	30	-28	27	-92	-3	70	-67	93	-80	15	-12	30	68	-28	-8	91	96	23	-24	81	-72
-33	-82	17	-9	-81	-51	18	92	-86	-43	37	0	58	-8	96	-77	-67	-75	-94	10	16	-29	60	-58	83	-70	89	-22	-6	-82	49	94	44	70	56	-13	-3	-34	39	55	86	-97	62	28	-72	85	2	-61	92	20	66	44	-48	-62	-47	-10	-5	81	16	-59	-41	0	4	-78	-34	-82	30	-40	-62	98	99	49	21	-89	-30	-10	83	-60	-17	-90	-10	13	74	25	-77	-35	-88	50	-37	74	-85	99	40	14	42	-95	20	67	-51	-76
1	82	-95	81	26	-46	50	93	37	-40	-15	70	44	-49	83	-23	68	60	2	11	-31	-27	80	-19	-1	-56	62	-18	43	-89	53	-83	40	85	62	47	49	20	18	46	72	15	-56	-38	-56	29	68	-46	-19	82	16	-58	66	90	41	52	34	78	99	-70	27	43	-96	24	-11	27	-67	24	0	-30	-33	-66	-18	-51	-52	-56	-50	-5	-84	87	-61	57	-2	10	61	50	-96	59	41	27	64	-18	-83	74	74	-28	-99	97	-28	48
-87	2	-29	95	-20	-91	100	50	93	67	-60	-59	-69	61	26	-76	-49	90	-92	15	-37	-13	-5	27	19	-82	65	2	-69	-54	45	-27	-60	-68	92	74	45	63	-99	57	53	28	100	-35	-36	9	79	-54	-89	-44	-33	56	82	-49	-85	-95	72	67	-60	48	66	-42	80	-63	89	-20	-11	59	4	-11	100	-82	95	-38	-2	-97	-88	-92	-48	-90	-5	-84	100	-13	25	83	-74	-65	-17	-51	3	-92	-98	70	75	-56	-16	26	59	-8
91	9	-22	-19	74	-82	85	57	61	27	-26	94	80	-23	30	-76	40	-29	20	4	3	66	-85	-65	19	-38	8	-76	-91	3	-44	24	-26	-78	-46	-19	-7	-13	-73	71	47	100	-30	-78	82	-65	-41	-13	48	-72	59	51	70	67	-3	55	2	-45	-85	13	-65	-33	86	7	40	92	-12	0	79	99	-25	-60	22	-37	-4	-80	63	-21	79	65	54	-79	-17	-10	-38	-54	11	30	-50	91	-84	15	-75	51	5	57	-5	39	-2	-52
-87	-46	-4	-83	4	-47	50	67	18	95	-8	-88	-57	7	-36	-96	-12	-37	9	-91	-31	84	-80	14	66	-68	-10	2	42	48	-98	64	-86	-6	-51	-2	-74	-41	-31	-21	53	79	46	-31	-21	-24	11	100	-13	1	71	-23	-28	-89	-59	-7	-76	-34	-88	-97	-84	-71	22	-29	-56	69	22	71	-53	-77	-4	-41	-95	-52	-16	4	-96	15	-1	-64	-21	61	2	32	82	-22	58	36	-76	-95	-24	89	40	38	79	-12	-54	24	90	-64
-90	-42	46	-16	51	10	19	-51	-53	-43	59	-94	26	-28	-40	44	47	-62	-60	99	-36	22	-12	85	-99	75	15	-94	-19	2	-46	-89	-17	97	-50	35	69	-35	-24	90	-62	25	24	-61	94	-67	48	-11	86	48	-99	63	-37	95	23	7	-52	18	43	-44	90	75	59	-78	-44	-71	62	-89	76	66	-63	-92	93	-79	89	92	76	65	-57	-16	-4	-62	21	-73	-8	-84	62	52	77	82	88	91	98	-76	-8	-13	-82	92	-81	54
